x_0 = 800000;
y_0 = 400000;